1    1    1

0.61 0.54 0.66
0.56 0.5  0.6
0.51 0.45 0.53
0.46 0.41 0.47
0.41 0.37 0.41
0.36 0.32 0.34
0.31 0.28 0.28
0.26 0.3  0.4
0.21 0.33 0.52
0.16 0.35 0.64
0.1  0.37 0.76
0.05 0.4  0.88
0    0.42 1
0.02 0.36 0.95
0.05 0.3  0.89
0.07 0.24 0.84
0.09 0.17 0.79
0.12 0.11 0.73
0.14 0.05 0.68
0.14 0.18 0.65
0.15 0.31 0.62
0.15 0.44 0.59
0.15 0.56 0.55
0.16 0.69 0.52
0.16 0.82 0.49
0.14 0.77 0.47
0.11 0.72 0.45
0.09 0.67 0.44
0.07 0.62 0.42
0.04 0.57 0.4
0.02 0.52 0.38
0.18 0.6  0.34
0.35 0.68 0.31
0.51 0.76 0.27
0.67 0.84 0.23
0.84 0.92 0.2
1    1    0.16
1    0.91 0.17
1    0.82 0.17
1    0.74 0.18
0.99 0.65 0.18
0.99 0.56 0.19
0.99 0.47 0.19
0.99 0.45 0.27
0.99 0.43 0.35
0.99 0.41 0.43
0.99 0.39 0.5
0.99 0.37 0.58
0.99 0.35 0.66
0.99 0.31 0.59
0.99 0.26 0.51
1    0.22 0.44
1    0.18 0.36
1    0.13 0.29
1    0.09 0.21
0.95 0.12 0.21
0.9  0.14 0.2
0.86 0.17 0.2
0.81 0.19 0.2
0.76 0.22 0.19
0.71 0.24 0.19
0.69 0.23 0.2
0.67 0.21 0.21
0.65 0.2  0.22
0.63 0.19 0.22
0.61 0.17 0.23
0.59 0.16 0.24

0.59 0.16 0.24
