1      1      1

0.7    0.67   1
0.65   0.7    1
0.6    0.73   1
0.55   0.7593 1
0.5    0.7926 1
0.45   0.8073 1
0.4    0.8398 1
0.35   0.8566 1
0.321  0.8775 1
0.3107 0.8853 1
0.2789 0.8966 1
0.2568 0.8942 1
0.2047 0.9196 1
0.1056 0.9334 1
0.1193 0.9464 1
0.1266 0.949  1
0.1769 0.952  1
0.238  0.9665 1
0.1994 0.9633 1
0.1744 0.9902 1
0.1515 0.9949 1
0.1391 0.9952 1
0.1146 0.9916 1
0.09   0.9745 1
0.0719 0.9549 1
0.0567 0.9332 1
0.056  0.9103 1
0.0781 0.906  0.9611
0.1096 0.9006 0.918
0.1445 0.8944 0.8745
0.1816 0.8872 0.8307
0.2206 0.8791 0.7869
0.2614 0.87   0.7431
0.3039 0.8597 0.6995
0.3475 0.8482 0.6568
0.3917 0.8352 0.6157
0.4348 0.8204 0.5768
0.4752 0.8042 0.541
0.5115 0.7865 0.5082
0.5433 0.7678 0.4777
0.5709 0.7485 0.4494
0.5947 0.7286 0.4228
0.6149 0.7083 0.3978
0.6321 0.6877 0.374
0.6466 0.6669 0.3514
0.6584 0.6461 0.3297
0.6679 0.6252 0.3088
0.6753 0.6044 0.2885
0.6806 0.5839 0.2688
0.6839 0.5637 0.2493
0.6854 0.5443 0.2297
0.6851 0.5264 0.2092
0.6817 0.5019 0.1866
0.6708 0.4832 0.1622
0.6494 0.4674 0.1406
0.6222 0.4413 0.1229
0.5928 0.4239 0.1076
0.5629 0.4055 0.0938
0.5333 0.3764 0.0811
0.5054 0.337  0.0687
0.4795 0.3074 0.0566
0.4559 0.2678 0.045
0.4347 0.2281 0.0339
0.4149 0.1878 0.0228

0.4149 0.1878 0.0228
